1, 9 8 ;
2, 132 ;
3, 0 5 0 5 ;
4, 1 ;
5, 1 ;
6, 2 5 ;
7, 42 42 42 42 42 42 42 42 42 42 42 42 42 42 42 42 42 42 47 47 47 42 47 47 50 50 50 50 50 50 47 47 47 47 47 47 50 50 50 47 50 50 54 54 54 54 54 54 50 50 50 50 50 50 54 54 54 50 54 54 57 57 57 57 57 57 45 45 45 45 45 45 50 50 50 45 50 50 54 54 54 54 54 54 54 54 54 54 54 54 54 54 54 54 54 54 54 54 54 54 54 54 54 54 54 54 45 45 50 50 50 45 50 50 54 54 54 54 54 54 50 50 50 50 50 50 54 54 54 50 54 54 57 57 57 57 57 57 54 54 54 54 54 54 57 57 57 54 57 57 61 61 61 61 61 61 49 49 49 49 49 49 54 54 54 49 54 54 58 58 58 58 58 58 58 58 58 58 58 58 ;
8, 0 0 0 0 0 0 0 0 0 0 0 0 0 0 0 0 58 0 63 0 0 55 59 0 72 0 0 0 0 0 69 0 0 0 0 0 63 0 0 55 59 0 72 0 0 0 0 0 69 0 0 0 0 0 63 0 0 55 59 0 72 0 0 0 0 0 69 0 0 0 0 0 63 0 0 55 59 0 75 0 0 0 0 0 0 0 0 0 0 0 0 0 0 0 0 0 0 0 0 0 0 0 0 0 0 0 58 0 63 0 0 55 59 0 72 0 0 0 0 0 69 0 0 0 0 0 63 0 0 55 59 0 72 0 0 0 0 0 69 0 0 0 0 0 63 0 0 55 59 0 75 0 0 0 0 0 64 0 0 0 0 0 63 0 0 55 59 0 68 0 0 0 0 0 0 0 0 0 0 0 ;
9, 0 0 0 0 0 0 0 0 0 0 0 0 0 0 0 6 0 8 0 0 3 6 0 20 0 0 0 0 0 20 0 0 0 0 0 8 0 0 3 6 0 20 0 0 0 0 0 20 0 0 0 0 0 8 0 0 3 6 0 20 0 0 0 0 0 20 0 0 0 0 0 8 0 0 3 6 0 72 0 0 0 0 0 0 0 0 0 0 0 0 0 0 0 0 0 0 0 0 0 0 0 0 0 0 0 6 0 8 0 0 3 6 0 20 0 0 0 0 0 20 0 0 0 0 0 8 0 0 3 6 0 20 0 0 0 0 0 20 0 0 0 0 0 8 0 0 3 6 0 20 0 0 0 0 0 20 0 0 0 0 0 8 0 0 3 6 0 72 0 0 0 0 0 0 0 0 0 0 0 0;
10, 63 ;
11,  ;
12,  ;
13,  ;
14,  ;
15,  ;